x =

          490304.117359497
            490873.8462018


y =

          4254448.75424286
          4254835.98821683


utmzone =

29 S
29 S