LLon=-9.095577;
RLon=-9.091592;
TLat=38.767366;
BLat=38.762317;

Top Left:
x = 491767.0+12.26;
y = 4290938.2+5.68;

Bottom Right:
x = 492019.13+12.26;
y = 4290753.62+5.68;