LLon=-9.31949615478516;
RLon=-9.31846618652344;
TLat=38.6769334413059;
BLat=38.6763973874699;