LLon=3.02947998046875
RLon=3.03840637207031
TLat=41.7800169017947
BLat=41.7761765067739
