LLon=-9.1131591796875;
RLon=-9.1021728515625;
TLat=38.4428334952725;
BLat=38.4374552890167;
