HTTP 200 ok
Access-Control-Allow-Origin: *
Content-Type: application/xml

LLon=-9,09358978271484
RLon=-9,09221649169922
TLat=38,7663981014694
BLat=38,7653273311358

TLE = 491869.315571963;
TLN = 4290858.19419231;
BRE = 491988.501567008;
BRN = 4290739.25327329;