HTTP 200 ok
Access-Control-Allow-Origin: *
Content-Type: application/xml

LLon = -9,09358978271484
RLon =-9,09221649169922
TLat=38,76693348061
BLat=38,7658627183113

TLE = 491869.376334898;
TLN = 4290917.60342766;
BRE = 491988.56143783;
BRN = 4290798.66338884;